1 0.239979 0.0833406
2 0.443211 0.0902505
3 0.583025 0.102912
4 0.54447 0.146932
5 0.766735 0.130423
6 1.1656 0.102951
7 1.65952 0.0843619
8 2.30449 0.0694296
9 2.23062 0.0806951
10 2.39998 0.0833339
11 2.98198 0.0737764
12 3.25016 0.0738426
13 3.43293 0.075737
14 3.87492 0.0722595
15 4.24781 0.0706247
16 4.33998 0.073733
17 4.7594 0.0714376
18 5.03899 0.0714429
19 5.18675 0.0732636
20 5.57502 0.0717487
21 5.64103 0.0744544
22 6.15374 0.0715012
23 6.14138 0.0749017
24 6.68285 0.0718257
25 6.81656 0.0733508
26 7.18299 0.0723933
27 7.1155 0.0758906
28 7.86583 0.071194
29 7.94718 0.0729819
30 8.00839 0.0749214
31 8.00079 0.0774923
32 8.19763 0.0780714
33 8.02515 0.0822414
34 8.54276 0.0795996
35 8.52723 0.08209
36 8.17286 0.0880965
37 8.0992 0.0913671
38 8.27745 0.0918157
39 8.42788 0.09255
40 7.93556 0.100812
41 8.20576 0.0999298
42 8.73994 0.0961106
43 7.96009 0.108039
44 7.92457 0.111047
45 8.56394 0.105092
46 8.54688 0.107642
47 8.20885 0.114511
48 8.64866 0.111
49 8.66631 0.113082
50 8.37074 0.119464
51 9.07223 0.112431
52 8.9853 0.115745
53 8.9586 0.118322
54 9.14377 0.118113
55 8.28616 0.132752
56 8.98629 0.124634
