1 0.239816 0.0833973
2 0.417315 0.0958509
3 0.507229 0.11829
4 0.841281 0.0950931
5 1.11133 0.0899823
6 1.12347 0.106812
7 1.41689 0.0988078
8 1.48143 0.108004
9 2.13509 0.0843055
10 2.70353 0.0739775
11 2.6777 0.0821601
12 2.99673 0.0800872
13 3.28359 0.0791815
14 3.54319 0.0790248
15 3.73139 0.080399
16 3.90733 0.0818974
17 4.08426 0.0832464
18 4.42624 0.0813331
19 4.56377 0.0832645
20 4.97856 0.0803444
21 5.10469 0.0822772
22 5.26863 0.0835131
23 5.61112 0.08198
24 5.57736 0.0860623
25 5.89494 0.0848185
26 6.51419 0.0798257
27 6.85456 0.0787796
28 6.9022 0.0811336
29 6.90618 0.0839827
30 7.17104 0.0836699
31 7.25706 0.085434
32 7.59951 0.0842159
33 7.63462 0.0864484
34 7.60863 0.0893722
35 7.61734 0.0918956
36 7.7198 0.0932667
37 7.77239 0.0952088
38 8.05781 0.0943185
39 7.97646 0.0977877
40 7.50121 0.106649
41 8.0386 0.102008
42 7.97386 0.105344
43 7.96156 0.108019
44 8.07948 0.108918
45 8.18037 0.11002
46 8.27284 0.111207
47 8.31668 0.113026
48 8.32986 0.115248
49 7.98213 0.122774
50 8.75971 0.114159
51 8.01609 0.127244
52 8.42814 0.123396
53 8.51865 0.124433
54 8.37493 0.128956
55 8.70718 0.126332
56 8.70492 0.128663
