1 5.17508 0.011594
2 3.42849 0.0350008
3 2.27938 0.078969
4 1.5659 0.153266
5 1.31889 0.227464
6 0.857629 0.419762
7 0.737834 0.569234
8 0.645723 0.743353
9 0.576284 0.937038
10 0.519997 1.15385
11 0.474573 1.39072
12 0.434944 1.65538
13 0.403796 1.93167
14 0.374336 2.24397
15 0.349233 2.57707
16 0.328015 2.9267
17 0.30958 3.29479
18 0.292578 3.69132
19 0.277866 4.1027
20 0.26513 4.52608
21 0.25202 4.9996
22 0.241468 5.46656
23 0.231132 5.97061
24 0.221906 6.48924
25 0.212965 7.04341
26 0.205835 7.57888
27 0.197984 8.18248
28 0.191498 8.77294
29 0.18584 9.36289
30 0.179452 10.0305
31 0.17415 10.6804
32 0.168989 11.3617
33 0.164106 12.0654
34 0.159767 12.7686
35 0.155204 13.5306
36 0.151545 14.2532
37 0.147281 15.0732
38 0.144057 15.8271
39 0.141259 16.5653
40 0.137006 17.5175
41 0.133852 18.3785
42 0.131184 19.2097
43 0.128198 20.1251
44 0.125863 20.9752
45 0.123273 21.9026
46 0.121874 22.6464
47 0.118115 23.875
48 0.116375 24.7476
49 0.115393 25.4782
50 0.113113 26.5222
51 0.111581 27.424
52 0.109164 28.5809
53 0.107439 29.5982
54 0.10558 30.6876
55 0.103954 31.7448
56 0.102236 32.8651
