1 4.96675 0.0120803
2 3.59288 0.0333994
3 2.17248 0.0828545
4 1.23728 0.193974
5 1.06169 0.282568
6 0.822744 0.43756
7 0.703372 0.597124
8 0.616265 0.778886
9 0.551816 0.978587
10 0.494117 1.21429
11 0.449537 1.46818
12 0.411137 1.75124
13 0.380429 2.05032
14 0.352298 2.38434
15 0.330054 2.72683
16 0.31127 3.08414
17 0.291961 3.49361
18 0.276742 3.90255
19 0.261606 4.35769
20 0.248543 4.82814
21 0.23581 5.34329
22 0.226601 5.82521
23 0.216522 6.37348
24 0.208361 6.91109
25 0.199599 7.51507
26 0.192091 8.12115
27 0.185767 8.7206
28 0.179578 9.35528
29 0.173199 10.0463
30 0.167854 10.7236
31 0.162737 11.4295
32 0.156981 12.2308
33 0.152944 12.9459
34 0.147809 13.8016
35 0.144213 14.5618
36 0.140787 15.3423
37 0.136546 16.2582
38 0.132943 17.1502
39 0.129147 18.1189
40 0.126666 18.9475
41 0.12405 19.8307
42 0.120423 20.9262
43 0.118435 21.7841
44 0.116602 22.6411
45 0.114169 23.6491
46 0.112065 24.6286
47 0.109407 25.7753
48 0.107978 26.6721
49 0.105799 27.7886
50 0.103112 29.0946
51 0.10199 30.0029
52 0.0996711 31.3029
53 0.097481 32.6217
54 0.096518 33.5689
55 0.0950139 34.7318
56 0.093004 36.1275
