1 1.85853 0.0107612
2 2.75441 0.0145222
3 1.43852 0.0417094
4 0.510242 0.156788
5 0.493385 0.202681
6 0.355927 0.337148
7 0.277591 0.504339
8 0.272647 0.586839
9 0.258807 0.695499
10 0.215928 0.926235
11 0.184944 1.18955
12 0.24567 0.97692
13 0.180686 1.43896
14 0.233894 1.19712
15 0.1658 1.80941
16 0.542333 0.590043
17 0.12856 2.64468
18 0.161765 2.22545
19 0.140836 2.69817
20 0.16882 2.36939
21 0.111408 3.76993
22 0.13767 3.19605
23 0.148955 3.08818
24 0.143364 3.34812
25 0.136771 3.65575
26 0.0909159 5.71957
27 0.120892 4.4668
28 0.123018 4.55218
29 0.111878 5.18422
30 0.115516 5.19409
31 0.107766 5.7532
32 0.108233 5.91317
33 0.12099 5.45499
34 0.0941081 7.22573
35 0.0951841 7.35417
36 0.0805559 8.93789
37 0.0879779 8.4112
38 0.0868239 8.75335
39 0.088201 8.84343
40 0.0875289 9.13983
41 0.0850191 9.64489
42 0.0830429 10.1153
43 0.0801768 10.7263
44 0.079577 11.0585
45 0.0782561 11.5007
46 0.075707 12.1521
47 0.0753019 12.4831
48 0.0723422 13.2703
49 0.0725241 13.5128
50 0.070291 14.2266
51 0.065763 15.5102
52 0.0661051 15.7325
53 0.067013 15.8178
54 0.066195 16.3154
55 0.065763 16.7267
56 0.0621331 18.0258
