1 1.83847 0.0108786
2 0.93007 0.0430075
3 0.630385 0.0951799
4 0.464073 0.172387
5 0.367785 0.271898
6 0.318765 0.376453
7 0.27293 0.512952
8 0.240113 0.666353
9 0.214592 0.838801
10 0.193279 1.03477
11 0.176063 1.24955
12 0.161627 1.4849
13 0.148014 1.75659
14 0.138137 2.02698
15 0.130023 2.30728
16 0.12191 2.62489
17 0.114734 2.96337
18 0.108402 3.32097
19 0.103379 3.67579
20 0.0982361 4.07182
21 0.093627 4.48589
22 0.0904751 4.86322
23 0.0861678 5.33842
24 0.08336 5.75816
25 0.0787261 6.35114
26 0.0170951 30.4181
27 0.07374 7.32303
28 0.0715518 7.8265
29 0.068594 8.45555
30 0.0672131 8.92684
31 0.065871 9.41234
32 0.0634449 10.0875
33 0.062099 10.6282
34 0.0602009 11.2955
35 0.0600052 11.6657
36 0.056921 12.6491
37 0.0556669 13.2934
38 0.053328 14.2514
39 0.053817 14.4936
40 0.0520961 15.3562
41 0.05073 16.164
42 0.066555 12.6211
43 0.049088 17.5196
44 0.0476942 18.4509
45 0.0477002 18.8679
46 0.049011 18.7713
47 0.0459499 20.457
48 0.0467701 20.5259
49 0.0434659 22.5464
50 0.0434129 23.0346
51 0.0428429 23.8079
52 0.042809 24.294
53 0.041225 25.7126
54 0.0403519 26.7646
55 0.0426948 25.7643
56 0.0402079 27.8552
