1 0.686516 0.0291326
2 0.347989 0.114946
3 0.234558 0.2558
4 0.178592 0.447948
5 0.144644 0.691352
6 0.12213 0.982558
7 0.106134 1.31909
8 0.0943031 1.69666
9 0.0849319 2.11935
10 0.077601 2.57729
11 0.071517 3.07619
12 0.0665739 3.60502
13 0.062459 4.16273
14 0.058877 4.75568
15 0.0559721 5.35981
16 0.0532138 6.01347
17 0.0508502 6.68631
18 0.048903 7.36151
19 0.0472519 8.042
20 0.0459101 8.71268
21 0.044811 9.3727
22 0.0439291 10.0161
23 0.0431142 10.6693
24 0.0424931 11.296
25 0.0419471 11.9198
26 0.0415101 12.5271
27 0.0410531 13.1537
28 0.0406699 13.7694
29 0.0561061 10.3376
30 0.054724 10.9641
31 0.0533299 11.6257
32 0.05217 12.2676
33 0.051012 12.9381
34 0.0499141 13.6234
35 0.0488892 14.3181
36 0.0478671 15.0417
37 0.0470421 15.7306
38 0.0461781 16.458
39 0.045351 17.1992
40 0.0447161 17.8906
41 0.0442488 18.5316
42 0.0433891 19.3597
43 0.0429511 20.0228
44 0.042891 20.5171
45 0.0418952 21.4822
46 0.0411539 22.3551
47 0.041177 22.8283
48 0.0498712 19.2496
49 0.0497661 19.6921
50 0.0486288 20.5639
51 0.048142 21.1873
52 0.048053 21.6428
53 0.046926 22.5887
54 0.0472589 22.8529
55 0.0456419 24.1007
56 0.045995 24.3505
