1 4.61589 0.00433286
2 3.0942 0.0129274
3 2.02612 0.0296133
4 1.57157 0.0509043
5 1.02226 0.0978228
6 0.795676 0.150815
7 0.656599 0.21322
8 0.577258 0.277172
9 0.514696 0.349721
10 0.463933 0.431097
11 0.421975 0.521358
12 0.387295 0.619683
13 0.358231 0.725789
14 0.333552 0.83945
15 0.312423 0.960237
16 0.292877 1.09261
17 0.276286 1.23061
18 0.261006 1.37928
19 0.247962 1.53249
20 0.236068 1.69443
21 0.225274 1.8644
22 0.215428 2.04244
23 0.206204 2.2308
24 0.197754 2.42726
25 0.18988 2.63324
26 0.183156 2.83911
27 0.176442 3.06049
28 0.170669 3.2812
29 0.165742 3.49941
30 0.160345 3.74193
31 0.15555 3.98586
32 0.150785 4.24445
33 0.146174 4.51517
34 0.142513 4.77149
35 0.138746 5.0452
36 0.135371 5.31872
37 0.134082 5.51902
38 0.128644 5.90778
39 0.125157 6.23218
40 0.122191 6.54713
41 0.119475 6.86335
42 0.116976 7.18096
43 0.115756 7.42942
44 0.113793 7.73335
45 0.111232 8.09119
46 0.109236 8.42213
47 0.1066 8.81803
48 0.103867 9.24258
49 0.102629 9.54894
50 0.099813 10.0187
51 0.0981729 10.3898
52 0.0963359 10.7956
53 0.0957601 11.0693
54 0.0931759 11.591
55 0.0925782 11.8819
56 0.0908201 12.3321
