1 5.27873 0.0113664
2 3.55519 0.0337535
3 2.13039 0.0844915
4 1.59078 0.150869
5 1.47022 0.204052
6 0.917109 0.392538
7 0.982899 0.427307
8 0.6708 0.715564
9 0.589505 0.916022
10 0.535339 1.12079
11 0.489829 1.34741
12 0.450268 1.59905
13 0.416423 1.8731
14 0.388522 2.16204
15 0.362039 2.48592
16 0.340445 2.81984
17 0.319784 3.18965
18 0.302444 3.57091
19 0.286925 3.97316
20 0.272763 4.39942
21 0.260534 4.83622
22 0.250228 5.27519
23 0.239302 5.76677
24 0.229815 6.26591
25 0.220821 6.79283
26 0.212472 7.34215
27 0.205098 7.89867
28 0.197736 8.49618
29 0.19111 9.10471
30 0.184932 9.73331
31 0.178796 10.4029
32 0.173417 11.0716
33 0.168859 11.7258
34 0.164659 12.3892
35 0.159831 13.1389
36 0.155766 13.867
37 0.151628 14.6411
38 0.148279 15.3764
39 0.144604 16.1821
40 0.140973 17.0245
41 0.137989 17.8275
42 0.134549 18.7292
43 0.13155 19.6123
44 0.129371 20.4064
45 0.126235 21.3887
46 0.125532 21.9864
47 0.121284 23.2512
48 0.120057 23.9886
49 0.117912 24.9338
50 0.115872 25.8906
51 0.113717 26.9089
52 0.112078 27.8378
53 0.109416 29.0634
54 0.109482 29.594
55 0.106027 31.1242
56 0.104388 32.1876
