1 5.01653 0.0119605
2 3.57353 0.0335803
3 2.19028 0.0821813
4 1.25626 0.191043
5 1.07485 0.279109
6 0.827592 0.434997
7 0.720797 0.582688
8 0.633709 0.757446
9 0.564965 0.955811
10 0.509371 1.17792
11 0.462517 1.42697
12 0.423806 1.69889
13 0.392386 1.98784
14 0.364642 2.30363
15 0.341796 2.63315
16 0.32003 2.99972
17 0.302005 3.37743
18 0.285588 3.78167
19 0.269959 4.22286
20 0.257563 4.65905
21 0.246514 5.11127
22 0.234597 5.62667
23 0.224443 6.14856
24 0.215546 6.68071
25 0.207475 7.22979
26 0.200105 7.79591
27 0.192618 8.41042
28 0.1857 9.04684
29 0.179558 9.69046
30 0.174008 10.3444
31 0.168706 11.0251
32 0.163489 11.7439
33 0.158984 12.4541
34 0.154116 13.2368
35 0.15025 13.9767
36 0.14638 14.7561
37 0.142508 15.5781
38 0.139218 16.3772
39 0.136 17.2059
40 0.132738 18.0807
41 0.129699 18.967
42 0.126821 19.8705
43 0.12421 20.7713
44 0.121256 21.7721
45 0.119158 22.659
46 0.116536 23.6836
47 0.114325 24.6665
48 0.112324 25.6401
49 0.110291 26.6568
50 0.108241 27.716
51 0.106313 28.7829
52 0.104862 29.7534
53 0.102701 30.9637
54 0.100636 32.1952
55 0.0991719 33.2756
56 0.097574 34.4354
