1 5.37387 0.0148868
2 3.82714 0.0418067
3 2.50231 0.0959113
4 1.43845 0.222461
5 1.33889 0.298755
6 0.943655 0.50866
7 0.775217 0.722378
8 0.669132 0.956463
9 0.597281 1.20546
10 0.538299 1.48616
11 0.490065 1.79568
12 0.449318 2.13657
13 0.416381 2.49771
14 0.386287 2.8994
15 0.360821 3.32575
16 0.33896 3.77626
17 0.319314 4.25913
18 0.301757 4.77205
19 0.286508 5.30526
20 0.272785 5.86543
21 0.260078 6.4596
22 0.248443 7.08412
23 0.237664 7.74202
24 0.228899 8.38798
25 0.220037 9.08938
26 0.211492 9.8349
27 0.204021 10.5871
28 0.196931 11.3745
29 0.190472 12.1803
30 0.184744 12.991
31 0.179225 13.8374
32 0.173354 14.7675
33 0.168082 15.7066
34 0.163686 16.6172
35 0.159538 17.5507
36 0.155174 18.5598
37 0.151377 19.5538
38 0.147602 20.5959
39 0.143732 21.7071
40 0.140759 22.7339
41 0.137433 23.8662
42 0.135894 24.7252
43 0.131557 26.1484
44 0.128777 27.3341
45 0.12623 28.5194
46 0.123619 29.7689
47 0.122628 30.6618
48 0.120076 31.9798
49 0.117762 33.2875
50 0.115527 34.6239
51 0.11349 35.9503
52 0.111644 37.2613
53 0.109528 38.7115
54 0.107481 40.1931
55 0.105736 41.6131
56 0.104534 42.8569
