1 4.83821 0.016535
2 3.6716 0.0435777
3 2.17002 0.110598
4 1.24029 0.258004
5 1.02962 0.388494
6 0.849631 0.564951
7 0.693162 0.807892
8 0.608365 1.052
9 0.541607 1.32938
10 0.488745 1.63684
11 0.444903 1.97796
12 0.408813 2.34826
13 0.379142 2.74304
14 0.352584 3.17655
15 0.329669 3.64001
16 0.309117 4.14083
17 0.291629 4.66346
18 0.275448 5.22785
19 0.261755 5.80696
20 0.24916 6.42158
21 0.236718 7.09705
22 0.226476 7.77124
23 0.216897 8.48329
24 0.20895 9.18881
25 0.200607 9.96974
26 0.19318 10.7672
27 0.186444 11.5852
28 0.179576 12.4738
29 0.174165 13.3207
30 0.16899 14.202
31 0.163877 15.1333
32 0.158513 16.1501
33 0.154283 17.1114
34 0.149909 18.1443
35 0.145936 19.1865
36 0.142213 20.2513
37 0.138859 21.3166
38 0.13522 22.4819
39 0.131687 23.6926
40 0.129392 24.731
41 0.126509 25.927
42 0.123778 27.1454
43 0.120799 28.4771
44 0.120164 29.2933
45 0.115576 31.1483
46 0.113101 32.5373
47 0.112808 33.331
48 0.110889 34.6292
49 0.109358 35.8455
50 0.107273 37.288
51 0.104752 38.9491
52 0.10309 40.3531
53 0.101514 41.7676
54 0.0997262 43.3186
55 0.0980492 44.8754
56 0.096808 46.2772
