1 0.00573897 0.348494
2 0.0028739 1.39184
3 0.00191784 3.12852
4 0.00145984 5.48006
5 0.00119209 8.38861
6 0.000998974 12.0123
7 0.00086689 16.1497
8 0.000769854 20.7832
9 0.000679016 26.5089
10 0.000624895 32.0054
11 0.00060606 36.3
12 0.000521898 45.986
13 0.000503063 51.6834
14 0.000469923 59.5842
15 0.000432968 69.2892
16 0.000448227 71.3924
17 0.000400066 84.9859
18 0.000377893 95.2649
19 0.000369072 102.961
20 0.000351191 113.898
21 0.000344038 122.08
22 0.000328064 134.12
23 0.000340939 134.922
24 0.000301123 159.403
25 0.00030899 161.817
26 0.000323057 160.962
27 0.000276089 195.589
28 0.000293016 191.116
29 0.000274897 210.988
30 0.000283957 211.3
31 0.000324965 190.79
32 0.000274897 232.815
33 0.000277996 237.413
34 0.000306129 222.128
35 0.000272036 257.319
36 0.000290155 248.143
37 0.000313997 235.671
38 0.000294924 257.694
39 0.000468969 166.322
40 0.000477076 167.688
41 0.000257969 317.868
42 0.000298023 281.857
43 0.000251055 342.555
44 0.000293016 300.324
45 0.00028801 312.49
46 0.000355959 258.457
47 0.000241995 388.438
48 0.000267029 359.512
49 0.000645876 151.732
50 0.000349998 285.716
51 0.000308037 331.129
52 0.000243902 426.4
53 0.000236988 447.28
54 0.000478029 225.928
55 0.000233173 471.752
56 0.000248909 449.964
