1 0.00319695 0.625595
2 0.00162506 2.46145
3 0.001086 5.52488
4 0.000826836 9.67544
5 0.000674963 14.8156
6 0.000569105 21.0857
7 0.000494957 28.2853
8 0.000437021 36.6115
9 0.000396013 45.453
10 0.000357866 55.8868
11 0.000334024 65.8634
12 0.000319004 75.2342
13 0.000298023 87.2415
14 0.00028801 97.219
15 0.000277042 108.287
16 0.000280857 113.937
17 0.000265837 127.898
18 0.000277996 129.498
19 0.000301123 126.194
20 0.000258923 154.486
21 0.000252008 166.661
22 0.000249147 176.602
23 0.000249863 184.101
24 0.00026083 184.028
25 0.000257015 194.541
26 0.000227928 228.142
27 0.000259161 208.365
28 0.000226021 247.765
29 0.000274897 210.988
30 0.000304937 196.762
31 0.000271082 228.713
32 0.000238895 267.9
33 0.000271082 243.469
34 0.000233889 290.737
35 0.000236988 295.374
36 0.000371933 193.583
37 0.000242949 304.591
38 0.000277042 274.326
39 0.000287056 271.724
40 0.000230074 347.714
41 0.000258923 316.697
42 0.000261068 321.755
43 0.000233173 368.824
44 0.000257969 341.126
45 0.000317097 283.825
46 0.000286818 320.761
47 0.000234842 400.269
48 0.000277042 346.517
49 0.000260115 376.757
50 0.000234842 425.818
51 0.000241995 421.497
52 0.000256062 406.152
53 0.000276804 382.942
54 0.000280142 385.519
55 0.000320911 342.774
56 0.000262976 425.895
