1 0.245018 0.0816267
2 0.122559 0.326373
3 0.0817051 0.734348
4 0.0613739 1.30348
5 0.049134 2.03525
6 0.0410149 2.92577
7 0.0351582 3.98201
8 0.0307741 5.19917
9 0.0272889 6.59609
10 0.0246191 8.12377
11 0.0226591 9.70914
12 0.0206411 11.6273
13 0.018976 13.7015
14 0.0176771 15.8397
15 0.0164711 18.2137
16 0.0154181 20.7549
17 0.0145659 23.3421
18 0.0137579 26.1667
19 0.013037 29.1479
20 0.012522 31.9438
21 0.01192 35.235
22 0.011307 38.9139
23 0.010782 42.6637
24 0.010345 46.3993
25 0.00993204 50.3421
26 0.00961494 54.0825
27 0.00924611 58.4029
28 0.00891399 62.8226
29 0.00930786 62.3129
30 0.00894284 67.0928
31 0.00873995 70.9386
32 0.00851607 75.152
33 0.00832105 79.3169
34 0.00806284 84.3375
35 0.00776219 90.1807
36 0.00757289 95.076
37 0.00740099 99.9866
38 0.00724316 104.927
39 0.00700808 111.3
40 0.00691795 115.641
41 0.0067389 121.682
42 0.00651884 128.857
43 0.00641608 134.038
44 0.00626898 140.374
45 0.00615811 146.149
46 0.00606084 151.794
47 0.00592804 158.568
48 0.00575304 166.868
49 0.00620914 157.832
50 0.00606084 164.994
51 0.0058949 173.031
52 0.00573611 181.307
53 0.00574899 184.38
54 0.00571394 189.011
55 0.00550008 199.997
56 0.00549889 203.678
