1 0.257828 0.0775711
2 0.128923 0.310263
3 0.0860891 0.696952
4 0.0645242 1.23985
5 0.051615 1.93742
6 0.043165 2.78003
7 0.0369492 3.78899
8 0.0323389 4.94761
9 0.028775 6.25544
10 0.0259111 7.7187
11 0.023767 9.25653
12 0.0215831 11.1198
13 0.0199289 13.0464
14 0.0184951 15.1392
15 0.017293 17.3481
16 0.016284 19.6512
17 0.0152791 22.2527
18 0.0144591 24.8978
19 0.01369 27.7575
20 0.013032 30.6938
21 0.012382 33.9201
22 0.011837 37.1716
23 0.011322 40.6288
24 0.010844 44.2641
25 0.010586 47.2321
26 0.010041 51.7877
27 0.00967979 55.7863
28 0.00934792 59.9064
29 0.00910306 63.7148
30 0.00887394 67.6137
31 0.00853086 72.6774
32 0.00829387 77.1655
33 0.008039 82.0998
34 0.00787282 86.3731
35 0.0075438 92.7914
36 0.00739717 97.3345
37 0.00717497 103.136
38 0.00700998 108.417
39 0.00687599 113.438
40 0.00665188 120.267
41 0.00650096 126.135
42 0.00638485 131.561
43 0.00622797 138.087
44 0.00612593 143.652
45 0.00599408 150.148
46 0.00580597 158.458
47 0.00571585 164.455
48 0.00563908 170.241
49 0.00551796 177.602
50 0.00546503 182.982
51 0.00533009 191.367
52 0.00518203 200.694
53 0.00517201 204.949
54 0.00502896 214.756
55 0.004915 223.805
56 0.00492096 227.598
