1 0.115762 0.172768
2 0.194502 0.205653
3 0.275532 0.217761
4 0.279543 0.286181
5 0.301591 0.331575
6 0.291385 0.411826
7 0.339543 0.412319
8 0.325103 0.492152
9 0.350235 0.513941
10 0.34819 0.574399
11 0.380487 0.578206
12 0.3339 0.718778
13 0.354916 0.732568
14 0.382834 0.731388
15 0.391032 0.767201
16 0.363015 0.881506
17 0.374953 0.90678
18 0.371831 0.968182
19 0.366126 1.03789
20 0.386794 1.03414
21 0.379021 1.10812
22 0.398566 1.10396
23 0.371685 1.23761
24 0.371401 1.2924
25 0.362614 1.37888
26 0.366082 1.42045
27 0.359917 1.50035
28 0.378737 1.4786
29 0.38386 1.51097
30 0.385089 1.55808
31 0.367144 1.68871
32 0.384546 1.6643
33 0.370854 1.77968
34 0.383837 1.77159
35 0.370406 1.88982
36 0.371264 1.93932
