1 0.184898 0.108168
2 0.504764 0.079245
3 0.514583 0.116599
4 0.478508 0.167186
5 0.552411 0.181025
6 0.574181 0.208993
7 0.576358 0.242905
8 0.53055 0.301574
9 0.609041 0.295547
10 0.60233 0.332044
11 0.620554 0.354522
12 0.564401 0.42523
13 0.584045 0.445171
14 0.585253 0.478426
15 0.61457 0.488146
16 0.616352 0.519184
17 0.605302 0.561703
18 0.61068 0.589507
19 0.602865 0.630324
20 0.603644 0.662642
21 0.605087 0.694115
22 0.612875 0.717928
23 0.613401 0.749917
24 0.610604 0.786107
25 0.615301 0.81261
26 0.624512 0.83265
27 0.600094 0.899859
28 0.609784 0.918358
29 0.604647 0.959237
30 0.605825 0.990385
31 0.605636 1.02372
32 0.651532 0.9823
33 0.617986 1.06799
34 0.602388 1.12884
35 0.61333 1.14131
36 0.621805 1.15792
