1 2.90028 0.0206877
2 1.97997 0.0606069
3 1.25856 0.14302
4 0.939839 0.255363
5 0.748062 0.401036
6 0.635378 0.566592
7 0.552637 0.759993
8 0.486649 0.986337
9 0.428041 1.26156
10 0.397564 1.50919
11 0.358274 1.84217
12 0.338776 2.1253
13 0.336823 2.31575
14 0.297075 2.82757
15 0.275652 3.26498
16 0.254908 3.76607
17 0.242033 4.2143
18 0.233426 4.62674
19 0.216634 5.26233
20 0.210991 5.68745
21 0.201439 6.25499
22 0.194236 6.79586
23 0.182882 7.54585
24 0.176287 8.1685
25 0.175962 8.52457
26 0.164934 9.45832
27 0.160514 10.0926
28 0.157605 10.6596
29 0.151457 11.4884
30 0.147593 12.1957
31 0.146438 12.7016
32 0.136782 14.0369
33 0.135697 14.5913
34 0.132442 15.403
35 0.127815 16.43
36 0.125289 17.2401
