1 2.92515 0.0205117
2 1.99288 0.0602143
3 1.2587 0.143004
4 0.935654 0.256505
5 0.783849 0.382727
6 0.646894 0.556505
7 0.551584 0.761443
8 0.491023 0.977551
9 0.431063 1.25272
10 0.391209 1.53371
11 0.35962 1.83527
12 0.33423 2.15421
13 0.311331 2.50537
14 0.296394 2.83407
15 0.27386 3.28635
16 0.256701 3.73976
17 0.242782 4.2013
18 0.229225 4.71152
19 0.217245 5.24753
20 0.207093 5.7945
21 0.200817 6.27437
22 0.191934 6.87737
23 0.184417 7.48304
24 0.177487 8.11326
25 0.172663 8.68743
26 0.164763 9.46815
27 0.161767 10.0144
28 0.154811 10.8519
29 0.149262 11.6573
30 0.148109 12.1532
31 0.141005 13.191
32 0.138795 13.8334
33 0.135079 14.6581
34 0.130358 15.6492
35 0.129204 16.2534
36 0.125653 17.1902
