1 0.20623 0.0969791
2 1.31074 0.0305172
3 0.844039 0.0710868
4 0.625823 0.127832
5 0.52396 0.190854
6 0.424361 0.282778
7 0.372153 0.376189
8 0.327883 0.487979
9 0.292607 0.615159
10 0.239819 0.833962
11 0.25049 0.878279
12 0.228048 1.05241
13 0.20746 1.25325
14 0.1976 1.417
15 0.189431 1.58369
16 0.175099 1.82754
17 0.162118 2.09724
18 0.157505 2.28564
19 0.152777 2.48729
20 0.144805 2.76234
21 0.131528 3.19323
22 0.135699 3.24247
23 0.128155 3.5894
24 0.125786 3.816
25 0.117009 4.27318
26 0.11329 4.59
27 0.111392 4.84774
28 0.109011 5.1371
29 0.108164 5.36222
30 0.10312 5.81847
31 0.100082 6.19491
32 0.0967832 6.61272
33 0.0943341 6.99641
34 0.093477 7.27452
35 0.088279 7.9294
36 0.0855598 8.41516
