1 0.355536 0.0562531
2 1.2751 0.0313701
3 0.813994 0.0737106
4 0.674808 0.118552
5 0.533115 0.187577
6 0.411625 0.291528
7 0.384018 0.364566
8 0.336981 0.474804
9 0.293852 0.612554
10 0.273617 0.730949
11 0.253205 0.868862
12 0.238949 1.0044
13 0.216381 1.20159
14 0.205487 1.36262
15 0.195077 1.53785
16 0.168516 1.89893
17 0.166393 2.04335
18 0.152996 2.353
19 0.152605 2.49009
20 0.144533 2.76754
21 0.140724 2.98457
22 0.135765 3.24089
23 0.125371 3.66911
24 0.128629 3.73166
25 0.123303 4.05505
26 0.118988 4.37019
27 0.112427 4.80311
28 0.111394 5.0272
29 0.109244 5.30922
30 0.105677 5.67768
31 0.106179 5.8392
32 0.0948019 6.75092
33 0.0927711 7.11429
34 0.093118 7.30257
35 0.0936549 7.47425
36 0.0886641 8.12054
