1 1.65398 0.0120921
2 1.09641 0.0364826
3 0.707966 0.0847498
4 0.550389 0.145352
5 0.453807 0.220358
6 0.411587 0.291554
7 0.344503 0.406383
8 0.312181 0.512523
9 0.281199 0.640116
10 0.24918 0.802632
11 0.230589 0.954078
12 0.213065 1.12642
13 0.203537 1.27741
14 0.189163 1.4802
15 0.173345 1.73065
16 0.169013 1.89335
17 0.162607 2.09093
18 0.153305 2.34826
19 0.148449 2.5598
20 0.142838 2.80038
21 0.134998 3.11116
22 0.129486 3.39805
23 0.1252 3.67412
24 0.11925 4.02516
25 0.115984 4.31093
26 0.113535 4.58009
27 0.112698 4.79156
28 0.0986941 5.6741
29 0.107187 5.4111
30 0.10278 5.83772
31 0.0930049 6.66631
32 0.095598 6.6947
33 0.0920141 7.17282
34 0.0895669 7.59209
35 0.086566 8.08632
36 0.0847259 8.498
