1 0.600706 0.0332942
2 0.378507 0.105678
3 0.284144 0.211161
4 0.213267 0.375116
5 0.167683 0.596364
6 0.147106 0.815739
7 0.128096 1.09293
8 0.118534 1.34982
9 0.099508 1.8089
10 0.0970151 2.06153
11 0.0886371 2.48203
12 0.0843079 2.84671
13 0.078815 3.29887
14 0.0723741 3.86879
15 0.0692332 4.33318
16 0.0674651 4.7432
17 0.0641692 5.29849
18 0.054472 6.6089
19 0.0595899 6.37692
20 0.0574522 6.96231
21 0.0486751 8.62865
22 0.0552342 7.96608
23 0.054441 8.44952
24 0.0531938 9.02361
25 0.0527899 9.4715
26 0.051981 10.0037
27 0.052021 10.3804
28 0.05094 10.9933
29 0.0507281 11.4335
30 0.050972 11.7712
31 0.0540171 11.4779
32 0.0500381 12.7903
33 0.050308 13.1192
34 0.0507541 13.3979
35 0.050833 13.7706
36 0.0445461 16.163
