1 2.76272 0.0217178
2 1.89774 0.0632332
3 1.18535 0.151854
4 0.869954 0.275877
5 0.714764 0.419719
6 0.602205 0.597803
7 0.525072 0.79989
8 0.46277 1.03723
9 0.414908 1.30149
10 0.375996 1.59576
11 0.356283 1.85246
12 0.326659 2.20413
13 0.304283 2.5634
14 0.280975 2.98959
15 0.265108 3.39484
16 0.245872 3.90447
17 0.231536 4.40536
18 0.222004 4.86477
19 0.211516 5.38967
20 0.200839 5.97493
21 0.19217 6.5567
22 0.185635 7.11072
23 0.176633 7.8128
24 0.171711 8.38617
25 0.16289 9.20866
26 0.160545 9.7169
27 0.155813 10.3971
28 0.150027 11.198
29 0.144492 12.0422
30 0.141113 12.7557
31 0.137283 13.5486
32 0.133174 14.4172
33 0.129442 15.2964
34 0.128568 15.8671
35 0.115067 18.2502
36 0.120986 17.8533
