1 2.80536 0.0213877
2 1.74011 0.0689612
3 1.24532 0.144542
4 0.888701 0.270057
5 0.712323 0.421157
6 0.608501 0.591618
7 0.526605 0.797562
8 0.461985 1.039
9 0.426686 1.26557
10 0.37753 1.58928
11 0.346305 1.90583
12 0.316217 2.27692
13 0.297105 2.62534
14 0.278431 3.0169
15 0.264185 3.4067
16 0.24666 3.892
17 0.217455 4.69063
18 0.223608 4.82988
19 0.209562 5.43992
20 0.199006 6.02997
21 0.192378 6.5496
22 0.197335 6.68913
23 0.174993 7.88604
24 0.169517 8.49472
25 0.1652 9.0799
26 0.157733 9.89013
27 0.153784 10.5343
28 0.147534 11.3872
29 0.14285 12.1806
30 0.142636 12.6195
31 0.136376 13.6388
32 0.134254 14.3013
33 0.129419 15.2991
34 0.125684 16.2312
35 0.124398 16.8813
36 0.123634 17.4709
