1 2.91802 0.0274158
2 1.78852 0.0894595
3 1.34061 0.179023
4 0.956168 0.334669
5 0.767443 0.521211
6 0.623625 0.769693
7 0.544736 1.02802
8 0.476254 1.34382
9 0.441649 1.63025
10 0.3981 2.00955
11 0.364011 2.41751
12 0.33972 2.82586
13 0.315853 3.29267
14 0.287933 3.88979
15 0.27909 4.29969
16 0.26255 4.87526
17 0.247437 5.49635
18 0.233671 6.16251
19 0.222001 6.84682
20 0.193676 8.26122
21 0.205718 8.16653
22 0.194437 9.05177
23 0.190208 9.67362
24 0.179892 10.6731
25 0.166036 12.0456
26 0.161019 12.9177
27 0.162016 13.332
28 0.158843 14.102
29 0.151354 15.3283
30 0.148953 16.1125
31 0.143789 17.2475
32 0.140259 18.2519
33 0.135769 19.4448
34 0.135317 20.1009
35 0.130649 21.4315
36 0.127731 22.5474
