1 2.91978 0.0273993
2 2.01433 0.0794308
3 1.28488 0.186788
4 0.884448 0.361808
5 0.744732 0.537106
6 0.627651 0.764756
7 0.541656 1.03387
8 0.479684 1.33421
9 0.428809 1.67907
10 0.391956 2.04105
11 0.364059 2.41719
12 0.333357 2.87979
13 0.307964 3.37702
14 0.293335 3.81816
15 0.273128 4.39354
16 0.262694 4.87259
17 0.229761 5.9192
18 0.22967 6.26987
19 0.216745 7.01285
20 0.207584 7.70773
21 0.198327 8.47087
22 0.179947 9.78066
23 0.183422 10.0315
24 0.176926 10.852
25 0.174379 11.4693
26 0.16656 12.488
27 0.160922 13.4226
28 0.153866 14.5581
29 0.150384 15.4272
30 0.148238 16.1902
31 0.142653 17.3848
32 0.130942 19.5506
33 0.135765 19.4454
34 0.131843 20.6306
35 0.128777 21.743
36 0.124801 23.0768
