1 0.116444 0.171756
2 0.123522 0.323829
3 0.091768 0.653822
4 0.074826 1.06915
5 0.0570331 1.75337
6 0.0518689 2.31352
7 0.0479841 2.91763
8 0.0431309 3.70964
9 0.0386131 4.66163
10 0.0358841 5.57349
11 0.0317531 6.92847
12 0.0286269 8.38372
13 0.028532 9.11257
14 0.0265441 10.5485
15 0.0236311 12.6951
16 0.023361 13.6981
17 0.0212929 15.9677
18 0.0209632 17.173
19 0.0200372 18.9648
20 0.0190768 20.9679
21 0.017978 23.3619
22 0.0174081 25.2755
23 0.0165951 27.719
24 0.0161631 29.6973
25 0.015784 31.6776
26 0.015074 34.4965
27 0.0145812 37.034
28 0.014385 38.9295
29 0.0141721 40.9255
30 0.013669 43.8949
31 0.013531 45.8208
32 0.013124 48.7657
33 0.0124929 52.83
34 0.0126419 53.7894
35 0.0122881 56.9657
36 0.011678 61.6545
