1 0.00248003 0.806442
2 0.00451612 0.885715
3 0.00348997 1.71921
4 0.0030899 2.58908
5 0.00389886 2.56485
6 0.00220299 5.44715
7 0.00210905 6.63806
8 0.00209999 7.61908
9 0.00181699 9.9065
10 0.00205398 9.73721
11 0.00206614 10.6479
12 0.00211716 11.336
13 0.00199699 13.0196
14 0.00204706 13.6781
15 0.00188589 15.9076
16 0.00191307 16.727
17 0.00204897 16.5937
18 0.00200891 17.9201
19 0.00199604 19.0377
20 0.00224495 17.8178
21 0.00143218 29.3259
22 0.00216103 20.3607
23 0.00231194 19.8967
24 0.002244 21.3904
25 0.00232792 21.4784
26 0.00242019 21.4859
27 0.00254703 21.2012
28 0.00273395 20.4832
29 0.00269699 21.5054
30 0.00276804 21.676
31 0.00268102 23.1256
32 0.00283504 22.5747
33 0.00275612 23.9467
34 0.00306511 22.1852
35 0.00320792 21.821
36 0.00292802 24.59
