1 0.00324798 0.615768
2 0.00536704 0.74529
3 0.00385594 1.55604
4 0.00324416 2.46597
5 0.00314903 3.17558
6 0.00219989 5.45482
7 0.00220585 6.34676
8 0.00206804 7.73678
9 0.00189614 9.49296
10 0.00210309 9.50982
11 0.00200105 10.9942
12 0.00207591 11.5612
13 0.00207615 12.5232
14 0.00392914 7.12624
15 0.00199795 15.0154
16 0.00195003 16.41
17 0.00206804 16.4407
18 0.0021081 17.077
19 0.00209498 18.1386
20 0.00143814 27.8137
21 0.00210285 19.9729
22 0.00208497 21.1034
23 0.00238895 19.2553
24 0.00231314 20.751
25 0.00246692 20.2682
26 0.00253201 20.5371
27 0.00240397 22.4628
28 0.00299096 18.7231
29 0.00282001 20.5673
30 0.00264597 22.676
31 0.00306296 20.2418
32 0.00278115 23.012
33 0.00279117 23.646
34 0.00300479 22.6305
35 0.0032351 21.6377
36 0.00324583 22.1823
