1 0.117553 0.170136
2 0.127855 0.312854
3 0.093286 0.643183
4 0.0732422 1.09227
5 0.0553329 1.80724
6 0.052316 2.29376
7 0.0470641 2.97467
8 0.0431211 3.71048
9 0.0377102 4.77325
10 0.0337949 5.91806
11 0.0313559 7.01623
12 0.0297961 8.05474
13 0.027782 9.35859
14 0.0256438 10.9188
15 0.024018 12.4906
16 0.023392 13.6799
17 0.0222111 15.3077
18 0.0203991 17.6478
19 0.0194211 19.5663
20 0.01877 21.3106
21 0.0183861 22.8433
22 0.0174708 25.1848
23 0.0170078 27.0464
24 0.0160229 29.9571
25 0.0162251 30.8165
26 0.0151551 34.3119
27 0.014641 36.8826
28 0.014231 39.3508
29 0.0142052 40.8301
30 0.013571 44.2118
31 0.0134668 46.039
32 0.013021 49.1514
33 0.012465 52.9483
34 0.0118291 57.4852
35 0.01229 56.9569
36 0.0173271 41.5535
