1 0.105708 0.1892
2 0.284137 0.140777
3 0.292806 0.204914
4 0.291726 0.27423
5 0.322664 0.30992
6 0.368379 0.325752
7 0.341165 0.410359
8 0.39334 0.406773
9 0.414989 0.433746
10 0.378118 0.528935
11 0.406992 0.540551
12 0.402952 0.595605
13 0.390999 0.664963
14 0.399547 0.700794
15 0.400572 0.748929
16 0.403946 0.792185
17 0.391082 0.869383
18 0.40571 0.887333
19 0.416404 0.912575
20 0.404512 0.988846
21 0.400025 1.04993
22 0.405724 1.08448
23 0.406671 1.13114
24 0.416027 1.15377
25 0.413723 1.20854
26 0.412939 1.25927
27 0.429035 1.25864
28 0.425698 1.31549
29 0.424778 1.36542
30 0.415014 1.44573
31 0.419357 1.47845
32 0.402851 1.58868
