1 3.76867 0.0159207
2 2.31149 0.0519146
3 1.53334 0.117391
4 1.15033 0.208635
5 0.910409 0.329522
6 0.750706 0.479548
7 0.621712 0.675554
8 0.566136 0.847853
9 0.509679 1.05949
10 0.446483 1.34384
11 0.400496 1.64796
12 0.369319 1.94953
13 0.34874 2.23662
14 0.318823 2.63469
15 0.292247 3.07959
16 0.271173 3.54018
17 0.274127 3.7209
18 0.264682 4.08037
19 0.251083 4.54033
20 0.238491 5.03164
21 0.229126 5.49916
22 0.216795 6.0887
23 0.21769 6.33929
24 0.202152 7.12335
25 0.193071 7.76916
26 0.184445 8.4578
27 0.179636 9.01824
28 0.181408 9.2609
29 0.16881 10.3074
30 0.170783 10.5397
31 0.158937 11.7028
32 0.160249 11.9814
