1 3.75759 0.0159677
2 2.32041 0.051715
3 1.55282 0.115918
4 1.16462 0.206075
5 0.919746 0.326177
6 0.750473 0.479697
7 0.667142 0.629551
8 0.567793 0.845378
9 0.502607 1.0744
10 0.453348 1.32349
11 0.40123 1.64494
12 0.368602 1.95333
13 0.350169 2.2275
14 0.329858 2.54655
15 0.306842 2.93311
16 0.269676 3.55983
17 0.3331 3.06214
18 0.322845 3.34526
19 0.310081 3.67646
20 0.297023 4.04009
21 0.283848 4.43899
22 0.270339 4.88276
23 0.262731 5.25252
24 0.252021 5.71381
25 0.245436 6.11157
26 0.251847 6.19424
27 0.23166 6.99301
28 0.223775 7.50754
29 0.215812 8.06257
30 0.208912 8.61606
31 0.201687 9.22221
32 0.195461 9.82293
