1 0.911444 0.0219432
2 0.732556 0.0546033
3 0.327628 0.183135
4 0.370718 0.215797
5 0.252706 0.395717
6 0.244028 0.491747
7 0.150397 0.930869
8 0.164635 0.971846
9 0.134929 1.33403
10 0.123091 1.62481
11 0.12954 1.69832
12 0.0907531 2.64454
13 0.110587 2.35109
14 0.100252 2.79296
15 0.099303 3.02106
16 0.0874269 3.6602
17 0.0853961 3.98145
18 0.0790522 4.55395
19 0.082866 4.58572
20 0.0761671 5.25161
21 0.074542 5.6344
22 0.07026 6.26245
23 0.0648179 7.0968
24 0.0640969 7.48866
25 0.063796 7.83748
26 0.06494 8.00739
27 0.0505171 10.6895
28 0.057291 9.77465
29 0.0532901 10.8838
30 0.0532739 11.2625
31 0.05776 10.7341
32 0.0536721 11.9243
