1 0.337629 0.0592366
2 0.368776 0.108467
3 0.355241 0.168899
4 0.521709 0.153342
5 0.398088 0.251201
6 0.331354 0.36215
7 0.298461 0.469073
8 0.232218 0.689008
9 0.238201 0.755664
10 0.195997 1.02042
11 0.174982 1.25727
12 0.177188 1.35449
13 0.172512 1.50714
14 0.1499 1.86791
15 0.127046 2.36135
16 0.134335 2.38211
17 0.131276 2.58996
18 0.134883 2.66898
19 0.104424 3.63901
20 0.113378 3.52802
21 0.105107 3.99593
22 0.0924761 4.75798
23 0.079838 5.76166
24 0.09513 5.04573
25 0.093102 5.37046
26 0.0861819 6.03375
27 0.0853419 6.32749
28 0.078594 7.12523
29 0.0815551 7.11175
30 0.076576 7.83535
31 0.0772209 8.02891
32 0.07443 8.59868
