1 3.56521 0.0168293
2 2.24455 0.0534628
3 1.51398 0.118892
4 1.14263 0.210041
5 0.882789 0.339832
6 0.733835 0.490574
7 0.624773 0.672244
8 0.54192 0.88574
9 0.485133 1.1131
10 0.442437 1.35613
11 0.400509 1.6479
12 0.364502 1.9753
13 0.320482 2.43383
14 0.299746 2.80237
15 0.287573 3.12964
16 0.264348 3.63158
17 0.317219 3.21544
18 0.303811 3.55484
19 0.292452 3.89808
20 0.279481 4.29367
21 0.267849 4.70414
22 0.25546 5.16715
23 0.243936 5.65722
24 0.229597 6.27186
25 0.227744 6.58635
26 0.221033 7.05777
27 0.208846 7.75692
28 0.202496 8.29646
29 0.196696 8.84614
30 0.189035 9.52205
31 0.186534 9.97138
32 0.177243 10.8326
