1 3.66082 0.0218531
2 2.26603 0.0706081
3 1.49903 0.160103
4 1.11688 0.286512
5 0.890301 0.449286
6 0.744631 0.644615
7 0.627737 0.892093
8 0.554834 1.1535
9 0.496952 1.44883
10 0.454982 1.75831
11 0.401304 2.19285
12 0.355575 2.69985
13 0.335506 3.0998
14 0.3099 3.61407
15 0.289045 4.1516
16 0.265326 4.82425
17 0.327019 4.15878
18 0.317153 4.54039
19 0.297412 5.11076
20 0.287229 5.57047
21 0.276444 6.07718
22 0.263049 6.69077
23 0.254556 7.22827
24 0.246178 7.79923
25 0.234204 8.53956
26 0.226079 9.20032
27 0.218916 9.8668
28 0.209881 10.6727
29 0.203899 11.3782
30 0.19769 12.1402
31 0.191597 12.9438
32 0.181205 14.1276
