1 3.63946 0.0219813
2 2.27018 0.0704789
3 1.49144 0.160918
4 1.10979 0.288344
5 0.895676 0.44659
6 0.739053 0.64948
7 0.621567 0.900949
8 0.54283 1.17901
9 0.488413 1.47416
10 0.429318 1.86342
11 0.39618 2.22121
12 0.374573 2.56292
13 0.331296 3.13919
14 0.308418 3.63143
15 0.282467 4.24829
16 0.267293 4.78875
17 0.284254 4.78445
18 0.262967 5.47597
19 0.249678 6.08784
20 0.234715 6.81678
21 0.227883 7.3722
22 0.216452 8.13114
23 0.207702 8.85885
24 0.200292 9.58601
25 0.193242 10.3497
26 0.192011 10.8327
27 0.178489 12.1016
28 0.18976 11.8044
29 0.166674 13.9194
30 0.166132 14.4463
31 0.156621 15.8344
32 0.152498 16.7871
