1 0.106314 0.188122
2 0.0535069 0.747568
3 0.0378039 1.58714
4 0.0291891 2.74075
5 0.0240061 4.1656
6 0.0208111 5.76616
7 0.0184259 7.59798
8 0.0166759 9.59466
9 0.015162 11.8718
10 0.013799 14.4939
11 0.012502 17.5972
12 0.0115728 20.7382
13 0.0106099 24.5055
14 0.00999808 28.0054
15 0.00925899 32.401
16 0.00875807 36.5377
17 0.0159221 21.354
18 0.0153692 23.4235
19 0.015182 25.0296
20 0.014348 27.8784
21 0.01369 30.6793
22 0.0132771 33.1399
23 0.0128992 35.6612
24 0.0127501 37.6466
25 0.0121281 41.2265
26 0.0115821 44.8967
27 0.0112519 47.9918
28 0.010922 51.2729
29 0.0104411 55.5499
30 0.010107 59.3646
31 0.00984097 63.0019
32 0.00960898 66.6043
