1 0.00160599 1.24534
2 0.000905037 4.41971
3 0.000674009 8.90195
4 0.000663996 12.0483
5 0.000609875 16.3968
6 0.000561953 21.3541
7 0.00057292 24.4362
8 0.000583887 27.4026
9 0.000595093 30.2474
10 0.000571966 34.9671
11 0.00058794 37.4188
12 0.000586987 40.8868
13 0.000582933 44.602
14 0.000576019 48.6095
15 0.000577927 51.9097
16 0.00059104 54.1419
17 0.000591993 57.4331
18 0.00059104 60.9096
19 0.000586033 64.8428
20 0.000585079 68.3668
21 0.000607014 69.1912
22 0.00059104 74.4451
23 0.000586033 78.4939
24 0.00058794 81.641
25 0.000583887 85.633
26 0.00058794 88.4444
27 0.000583172 92.5971
28 0.000586987 95.4025
29 0.000613928 94.4736
30 0.000614882 97.5798
31 0.000593185 104.52
32 0.000599146 106.819
