1 0.00244498 0.818002
2 0.00141311 2.83064
3 0.000876188 6.84784
4 0.000744104 10.7512
5 0.000823975 12.1363
6 0.000673056 17.8291
7 0.000631094 22.1837
8 0.000631094 25.3528
9 0.000627995 28.6627
10 0.000622988 32.1034
11 0.000608206 36.172
12 0.000612974 39.1534
13 0.000596046 43.6208
14 0.000607967 46.0551
15 0.000604868 49.5976
16 0.000633001 50.5528
17 0.000600815 56.5898
18 0.000631094 57.0438
19 0.00059104 64.2935
20 0.000599861 66.6821
21 0.00058794 71.4358
22 0.000595093 73.9381
23 0.000594139 77.4229
24 0.0006001 79.9867
25 0.000593901 84.1892
26 0.000597954 86.9632
27 0.000597954 90.308
28 0.000573874 97.5825
29 0.000590086 98.2908
30 0.000580072 103.435
31 0.000594854 104.227
32 0.000780106 82.0402
