1 0.107786 0.185553
2 0.054498 0.733972
3 0.038461 1.56002
4 0.029665 2.69678
5 0.024514 4.07931
6 0.021081 5.69234
7 0.018656 7.50428
8 0.0168679 9.48549
9 0.0154529 11.6483
10 0.0139389 14.3483
11 0.012661 17.3762
12 0.0116341 20.629
13 0.0107381 24.2128
14 0.0100579 27.8387
15 0.009377 31.9932
16 0.00882912 36.2437
17 0.016886 20.135
18 0.015548 23.1541
19 0.015857 23.9642
20 0.0144951 27.5955
21 0.014406 29.1546
22 0.0134499 32.714
23 0.0132091 34.8245
24 0.0125949 38.1105
25 0.012131 41.2168
26 0.011709 44.4104
27 0.0112832 47.8589
28 0.010839 51.6654
29 0.0104818 55.3338
30 0.0101581 59.0664
31 0.00983191 63.06
32 0.0095551 66.9799
