1 0.00225186 0.888153
2 0.00170398 2.34745
3 0.00145793 4.11543
4 0.00109196 7.3263
5 0.00133395 7.49652
6 0.00138593 8.65846
7 0.00153518 9.11947
8 0.00136399 11.7303
9 0.00139499 12.9033
10 0.00137711 14.5232
11 0.00161195 13.6481
12 0.00169802 14.1341
13 0.00179696 14.4689
14 0.00144911 19.3222
15 0.00143909 20.8464
16 0.0015049 21.2639
17 0.00134993 25.1866
18 0.00150299 23.9522
19 0.00153494 24.7567
20 0.00149393 26.775
21 0.00154614 27.1643
22 0.00159907 27.5159
23 0.00191307 24.0451
24 0.00156784 30.6154
