1 0.00225806 0.885715
2 0.00176597 2.26505
3 0.00142789 4.20201
4 0.00139689 5.72699
5 0.00155091 6.44782
6 0.00136209 8.81002
7 0.00137305 10.1963
8 0.00142694 11.2128
9 0.00140095 12.8484
10 0.00148487 13.4692
11 0.00152302 14.445
12 0.00149894 16.0113
13 0.00175405 14.8229
14 0.00153279 18.2673
15 0.0015769 19.0247
16 0.00154686 20.6871
17 0.00156212 21.7653
18 0.00155687 23.1233
19 0.00150609 25.2309
20 0.00154996 25.8071
21 0.00148201 28.3399
22 0.00157189 27.9917
23 0.00155997 29.4877
24 0.00160694 29.8704
