1 0.17374 0.115115
2 0.823731 0.0485595
3 0.864627 0.0693941
4 0.754599 0.106017
5 0.843752 0.118518
6 0.877514 0.13675
7 0.91273 0.153386
8 0.929836 0.172073
9 0.896726 0.20073
10 0.9234 0.216591
11 0.898394 0.244881
12 0.899779 0.266732
13 0.883037 0.294438
14 0.905837 0.309106
15 0.836396 0.358682
16 0.894521 0.357733
17 0.919404 0.369805
18 0.879168 0.409478
19 0.870794 0.436383
20 0.835437 0.478791
21 0.891853 0.47093
22 0.907579 0.484806
23 0.880537 0.522408
24 0.852581 0.562996
25 0.844412 0.592128
26 0.88723 0.586094
27 0.937757 0.575842
28 0.867537 0.645506
29 0.904099 0.641523
30 0.878645 0.68287
31 0.860303 0.720676
32 0.89521 0.714916
33 0.926956 0.712008
34 0.902348 0.753589
35 0.920826 0.760187
36 0.896456 0.803163
37 0.933902 0.792374
38 0.915254 0.830371
39 0.90136 0.865359
40 0.906159 0.882847
41 0.963039 0.851471
42 0.932111 0.90118
43 0.90811 0.947022
44 0.933904 0.942281
45 0.933613 0.963997
46 0.922669 0.997107
47 0.941467 0.998442
48 0.981811 0.977785
49 0.974186 1.00597
50 0.94753 1.05538
51 0.930782 1.09585
52 0.975333 1.0663
53 0.9546 1.11041
54 0.956889 1.12866
55 0.95599 1.15064
56 0.98822 1.13335
57 0.964147 1.18239
58 0.969941 1.19595
59 0.967373 1.2198
60 0.993882 1.20739
61 0.961394 1.26899
62 0.988061 1.25498
63 0.955826 1.31823
64 0.987592 1.29608
65 0.971483 1.33816
66 0.991096 1.33186
67 0.975124 1.37418
68 1.00553 1.35251
