1 7.2122 0.00831923
2 3.76553 0.031868
3 2.55904 0.0703388
4 1.9195 0.125033
5 1.57209 0.190828
6 1.31419 0.273932
7 1.12173 0.374423
8 0.98562 0.487003
9 0.878058 0.614994
10 0.788449 0.760988
11 0.716532 0.921103
12 0.64968 1.10824
13 0.608169 1.28254
14 0.559286 1.50192
15 0.526939 1.70798
16 0.488426 1.9655
17 0.46095 2.21282
18 0.436057 2.47674
19 0.410682 2.77587
20 0.389157 3.08359
21 0.371924 3.38779
22 0.353508 3.734
23 0.338061 4.0821
24 0.322433 4.46604
25 0.310211 4.83542
26 0.297316 5.24694
27 0.284272 5.69877
28 0.274697 6.11583
29 0.26447 6.57919
30 0.255452 7.04634
31 0.24625 7.5533
32 0.23782 8.07334
33 0.230671 8.58366
34 0.223384 9.13226
35 0.218153 9.62627
36 0.213836 10.1012
37 0.206894 10.7301
38 0.201522 11.3139
39 0.201239 11.628
40 0.197112 12.1758
41 0.190973 12.8814
42 0.184091 13.6889
43 0.180049 14.3294
44 0.177409 14.8809
45 0.17392 15.5244
46 0.167963 16.4322
47 0.168446 16.7413
48 0.165881 17.3619
49 0.158962 18.495
50 0.15897 18.8715
51 0.153306 19.9601
52 0.153526 20.3223
53 0.148743 21.3792
54 0.144615 22.4043
55 0.156506 21.0854
56 0.142477 23.5827
57 0.150909 22.6627
58 0.137789 25.256
59 0.134826 26.2561
60 0.144964 24.8338
61 0.143404 25.5223
62 0.139399 26.686
63 0.127056 29.7507
64 0.137314 27.9651
65 0.13519 28.8483
66 0.131687 30.0713
67 0.131215 30.6367
68 0.129772 31.4398
