1 7.08889 0.00846395
2 3.72987 0.0321727
3 2.54104 0.070837
4 1.92333 0.124784
5 1.55831 0.192516
6 1.29136 0.278775
7 1.11813 0.375626
8 0.980453 0.48957
9 0.86761 0.622399
10 0.782094 0.767171
11 0.707666 0.932643
12 0.650238 1.10729
13 0.603446 1.29258
14 0.56149 1.49602
15 0.516175 1.74359
16 0.483821 1.98421
17 0.455227 2.24064
18 0.429498 2.51456
19 0.407764 2.79573
20 0.385693 3.11128
21 0.368193 3.42212
22 0.349059 3.78159
23 0.332401 4.15161
24 0.319421 4.50816
25 0.30561 4.90822
26 0.293833 5.30914
27 0.282158 5.74147
28 0.272876 6.15664
29 0.261564 6.65229
30 0.252082 7.14054
31 0.243698 7.63239
32 0.236409 8.12152
33 0.229 8.64628
34 0.221778 9.19839
35 0.216857 9.6838
36 0.211595 10.2082
37 0.205043 10.827
38 0.201961 11.2893
39 0.196252 11.9234
40 0.192257 12.4833
41 0.187502 13.1199
42 0.186659 13.5006
43 0.253101 10.1936
44 0.175598 15.0343
45 0.171394 15.7532
46 0.168666 16.3637
47 0.165621 17.0268
48 0.161179 17.8684
49 0.224719 13.083
50 0.157018 19.1061
51 0.216002 14.1665
52 0.151999 20.5265
53 0.211747 15.0179
54 0.208483 15.5408
55 0.141776 23.2762
56 0.202428 16.5985
57 0.136847 24.9914
58 0.136194 25.5518
59 0.132403 26.7365
60 0.132115 27.249
61 0.127252 28.7619
62 0.127917 29.0813
63 0.177734 21.2677
64 0.124239 30.9082
65 0.12277 31.7667
66 0.118429 33.4378
67 0.127632 31.4968
68 0.117267 34.7924
