1 1.19271 0.0167686
2 1.69913 0.0235414
3 0.985208 0.0609008
4 0.762445 0.104926
5 0.923502 0.108283
6 0.507967 0.236236
7 0.444209 0.315167
8 0.392341 0.407808
9 0.368854 0.487998
10 0.313695 0.637562
11 0.294116 0.748004
12 0.352319 0.681201
13 0.397733 0.653705
14 0.346388 0.808342
15 0.240319 1.24834
16 0.254097 1.25936
17 0.187336 1.81492
18 0.245267 1.46779
19 0.338936 1.12116
20 0.326766 1.22412
21 0.251656 1.66894
22 0.1691 2.60201
23 0.144101 3.1922
24 0.145351 3.30235
25 0.261612 1.91123
26 0.133686 3.88971
27 0.148108 3.64599
28 0.213974 2.61714
29 0.211232 2.74579
30 0.127303 4.71316
31 0.134657 4.60429
32 0.169988 3.76497
33 0.186582 3.53732
34 0.194299 3.49976
35 0.188763 3.70835
36 0.094816 7.59366
37 0.147936 5.00216
38 0.111571 6.8118
39 0.171935 4.5366
40 0.129749 6.16576
41 0.121204 6.76546
42 0.0873952 9.61151
43 0.0877211 9.8038
44 0.148991 5.9064
45 0.120985 7.43894
46 0.144501 6.36674
47 0.144662 6.49791
48 0.104826 9.15804
49 0.130104 7.53243
50 0.131172 7.62358
51 0.076242 13.3785
52 0.126439 8.2253
53 0.13 8.15385
54 0.117898 9.16046
55 0.121063 9.08618
56 0.116931 9.5783
57 0.115528 9.86775
58 0.118132 9.81951
59 0.098367 11.9959
60 0.0916729 13.09
61 0.11184 10.9084
62 0.101559 12.2097
63 0.099941 12.6074
64 0.107405 11.9175
65 0.10583 12.2839
66 0.10992 12.0088
67 0.103032 13.0057
68 0.102185 13.3092
