1 0.383826 0.0521069
2 2.73601 0.0146199
3 1.84669 0.0324905
4 1.42775 0.0560322
5 1.11871 0.0893888
6 0.933315 0.128574
7 0.830606 0.168552
8 0.710345 0.225243
9 0.651646 0.276224
10 0.578739 0.345579
11 0.550033 0.399976
12 0.568374 0.422257
13 0.4815 0.539979
14 0.430151 0.650934
15 0.462916 0.648066
16 0.402464 0.795102
17 0.39491 0.860956
18 0.394849 0.911741
19 0.374258 1.01534
20 0.341906 1.16991
21 0.307072 1.36776
22 0.26419 1.66547
23 0.30276 1.51935
24 0.303346 1.58235
25 0.286032 1.74806
26 0.238028 2.18462
27 0.263928 2.04601
28 0.226249 2.47515
29 0.253453 2.28839
30 0.231432 2.59255
31 0.202317 3.0645
32 0.201758 3.17212
33 0.225759 2.92347
34 0.187784 3.62118
35 0.173471 4.03526
36 0.206241 3.49106
37 0.202592 3.65266
38 0.193232 3.93309
39 0.173643 4.49197
40 0.186306 4.29401
41 0.186762 4.39062
42 0.179611 4.67677
43 0.179681 4.78626
44 0.164971 5.33427
45 0.173252 5.19474
46 0.138551 6.64015
47 0.163222 5.75903
48 0.15735 6.10105
49 0.137375 7.13375
50 0.154657 6.46593
51 0.1477 6.90589
52 0.150933 6.89047
53 0.143575 7.3829
54 0.141013 7.65886
55 0.134801 8.16017
56 0.137836 8.1256
57 0.135977 8.38377
58 0.13237 8.76332
59 0.132134 8.93033
60 0.11194 10.72
61 0.127021 9.60471
62 0.123014 10.0802
63 0.12158 10.3636
64 0.106784 11.9868
65 0.11905 10.9198
66 0.117916 11.1944
67 0.105691 12.6785
68 0.117356 11.5887
