1 6.41119 0.00311955
2 3.3953 0.011781
3 2.30734 0.026004
4 1.76031 0.0454464
5 1.41209 0.0708169
6 1.18081 0.101625
7 1.00784 0.138911
8 0.887018 0.18038
9 0.789585 0.227968
10 0.708674 0.282217
11 0.642368 0.342483
12 0.581795 0.412516
13 0.547723 0.474692
14 0.504288 0.555238
15 0.471219 0.636647
16 0.440047 0.727195
17 0.413709 0.821834
18 0.388754 0.926035
19 0.368963 1.02991
20 0.351023 1.13953
21 0.331675 1.2663
22 0.317477 1.38593
23 0.305052 1.50794
24 0.289963 1.65538
25 0.279059 1.79174
26 0.267996 1.94033
27 0.255958 2.10972
28 0.247422 2.26334
29 0.237182 2.44538
30 0.228357 2.62747
31 0.221719 2.79633
32 0.214391 2.9852
33 0.207375 3.18264
34 0.201134 3.38083
35 0.196285 3.56624
36 0.192632 3.7377
37 0.190632 3.88182
38 0.183865 4.13347
39 0.176873 4.40994
40 0.176489 4.53286
41 0.169333 4.84253
42 0.166637 5.0409
43 0.161513 5.32465
44 0.159035 5.53337
45 0.154497 5.82535
46 0.15324 6.00366
47 0.150728 6.2364
48 0.147513 6.5079
49 0.145956 6.71435
50 0.139742 7.15605
51 0.138172 7.3821
52 0.135018 7.70268
53 0.133194 7.95832
54 0.131453 8.21588
55 0.140913 7.80623
56 0.126617 8.84558
57 0.138855 8.21
58 0.121651 9.53548
59 0.120069 9.82768
60 0.117952 10.1736
61 0.127043 9.60305
62 0.114356 10.8433
63 0.113214 11.1294
64 0.112025 11.426
65 0.110182 11.7987
66 0.117495 11.2345
67 0.116916 11.4612
68 0.115924 11.7318
