1 7.08283 0.0112949
2 3.67663 0.0435182
3 2.48847 0.0964449
4 1.86238 0.171823
5 1.50132 0.266433
6 1.24477 0.385613
7 1.07118 0.522788
8 0.943104 0.67861
9 0.842445 0.854655
10 0.756217 1.0579
11 0.68757 1.27987
12 0.632333 1.51819
13 0.576863 1.80285
14 0.54637 2.04989
15 0.508138 2.36156
16 0.478071 2.67743
17 0.445241 3.05453
18 0.422821 3.4057
19 0.402538 3.77604
20 0.380698 4.20281
21 0.363279 4.62455
22 0.345987 5.0869
23 0.329633 5.58197
24 0.31385 6.11757
25 0.302467 6.61229
26 0.289501 7.18478
27 0.28031 7.70576
28 0.268063 8.35624
29 0.259458 8.94171
30 0.250407 9.5844
31 0.242103 10.2436
32 0.233678 10.9552
33 0.226241 11.669
34 0.219394 12.3978
35 0.215037 13.021
36 0.210374 13.6899
37 0.203874 14.5188
38 0.19974 15.2198
39 0.192715 16.1897
40 0.188446 16.981
41 0.183754 17.85
42 0.183556 18.305
43 0.177375 19.3939
44 0.174055 20.2235
45 0.170115 21.1622
46 0.166154 22.1481
47 0.161345 23.3041
48 0.15837 24.247
49 0.154538 25.3659
50 0.221258 18.0784
51 0.14911 27.3623
52 0.215462 19.3074
53 0.145235 29.1941
54 0.142255 30.368
55 0.139187 31.6121
56 0.198466 22.5731
57 0.134656 33.864
58 0.133256 34.8202
59 0.13069 36.116
60 0.189386 25.345
61 0.12544 38.903
62 0.124524 39.8316
63 0.122871 41.0187
64 0.120592 42.4573
65 0.119379 43.5587
66 0.174219 30.3067
67 0.114601 46.7709
68 0.165856 32.7996
