1 7.57387 0.0105626
2 3.94725 0.0405345
3 2.7019 0.0888264
4 2.04977 0.156115
5 1.64077 0.243787
6 1.37659 0.348688
7 1.17641 0.476023
8 1.03201 0.62015
9 0.916809 0.785333
10 0.829846 0.964034
11 0.749995 1.17334
12 0.686206 1.399
13 0.62792 1.65626
14 0.586468 1.90974
15 0.547861 2.19034
16 0.514009 2.49023
17 0.482749 2.8172
18 0.453546 3.17498
19 0.429118 3.54215
20 0.407306 3.92825
21 0.389354 4.31484
22 0.368443 4.77686
23 0.349813 5.25995
24 0.336859 5.69971
25 0.322031 6.21058
26 0.310627 6.69613
27 0.299174 7.21988
28 0.286456 7.8197
29 0.276077 8.40345
30 0.26581 9.02901
31 0.257759 9.6214
32 0.249029 10.2799
33 0.240476 10.9782
34 0.233532 11.6472
35 0.233931 11.9693
36 0.223394 12.892
37 0.215631 13.7272
38 0.21419 14.193
39 0.206332 15.1213
40 0.200278 15.9778
41 0.19943 16.4469
42 0.191602 17.5364
43 0.187495 18.3472
44 0.183456 19.1872
45 0.178789 20.1355
46 0.176855 20.808
47 0.172593 21.7853
48 0.169102 22.7082
49 0.167427 23.4132
50 0.162226 24.657
51 0.159781 25.535
52 0.155944 26.6763
53 0.165098 25.6817
54 0.157581 27.4145
55 0.150319 29.2711
56 0.146857 30.5059
57 0.145225 31.3995
58 0.142741 32.5064
59 0.139692 33.7886
60 0.145027 33.0972
61 0.133764 36.4822
62 0.133442 37.1697
63 0.130815 38.5278
64 0.129104 39.658
65 0.127747 40.7054
66 0.124599 42.3759
67 0.130458 41.0861
68 0.121454 44.7906
