1 0.0219619 0.0910667
2 0.0123651 0.323491
3 0.00701904 0.854817
4 0.00642204 1.24571
5 0.00520515 1.92117
6 0.00521684 2.30024
7 0.00420713 3.32768
8 0.00381613 4.19273
9 0.00327587 5.49472
10 0.00308585 6.48119
11 0.00209808 10.4858
12 0.00260901 9.19888
13 0.00245404 10.5948
14 0.00220895 12.6757
15 0.00213099 14.078
16 0.00162506 19.6916
17 0.00182796 18.6
18 0.00172091 20.9192
19 0.00167799 22.6461
20 0.00156188 25.6102
21 0.00149703 28.0555
22 0.00105977 41.5184
23 0.00141907 32.4157
24 0.00132322 36.2751
25 0.00128198 39.0023
26 0.00121498 42.799
27 0.00118804 45.453
28 0.00113487 49.3448
29 0.00109005 53.2086
30 0.00110698 54.2016
31 0.00113487 54.6317
32 0.000997066 64.1883
33 0.000967026 68.2505
34 0.000936985 72.5732
35 0.000919104 76.1612
36 0.000897169 80.2524
37 0.000879049 84.1819
38 0.000849962 89.4157
39 0.000837088 93.1802
40 0.000831127 96.2548
41 0.000812054 100.979
42 0.000791073 106.185
43 0.000750065 114.657
44 0.000733137 120.032
45 0.000730038 123.281
46 0.000717878 128.155
47 0.00070715 132.928
48 0.00069499 138.131
49 0.000687838 142.475
50 0.000684023 146.194
51 0.0012722 80.176
52 0.00125408 82.9292
53 0.000822067 128.943
54 0.000671148 160.918
55 0.000616074 178.55
56 0.000792027 141.409
57 0.000619888 183.904
58 0.000769138 150.818
59 0.000722885 163.235
60 0.000566959 211.655
61 0.000557899 218.677
62 0.000552893 224.275
63 0.000549078 229.476
64 0.00054121 236.507
65 0.000717163 181.27
66 0.000651121 202.727
67 0.000676155 198.179
68 0.000712872 190.778
