1 0.455147 0.0439418
2 0.227836 0.175565
3 0.152119 0.394428
4 0.114024 0.701607
5 0.0914092 1.09398
6 0.076252 1.57373
7 0.065639 2.13288
8 0.0571709 2.79863
9 0.0509479 3.53302
10 0.0458169 4.3652
11 0.0416451 5.28274
12 0.038312 6.26436
13 0.035404 7.34381
14 0.032887 8.51401
15 0.030654 9.78667
16 0.028687 11.1549
17 0.0270779 12.5564
18 0.0254569 14.1415
19 0.0242431 15.6746
20 0.0230401 17.3611
21 0.021966 19.1205
22 0.020932 21.0205
23 0.0200291 22.9666
24 0.019289 24.8846
25 0.0184622 27.0824
26 0.0177708 29.2615
27 0.0171208 31.5405
28 0.016511 33.9169
29 0.0159609 36.3387
30 0.0154271 38.8926
31 0.0150568 41.1773
32 0.014421 44.3798
33 0.0140111 47.1054
34 0.0149319 45.54
35 0.0133529 52.4232
36 0.012928 55.693
37 0.01389 53.2756
38 0.0121982 62.3042
39 0.0129321 60.3152
40 0.0116429 68.7112
41 0.0113232 72.4176
42 0.0122042 68.8289
43 0.0108919 78.9577
44 0.0116858 75.3048
45 0.0114601 78.5336
46 0.0107019 85.9661
47 0.01741 53.9918
48 0.00982404 97.7195
49 0.0103981 94.2475
50 0.01017 98.3286
51 0.010025 101.745
52 0.015759 65.9941
53 0.0104959 100.992
54 0.00952291 113.411
55 0.0146949 74.8558
56 0.00830984 134.78
57 0.0143602 79.3861
58 0.00866008 133.948
59 0.008605 137.13
60 0.00850701 141.06
61 0.00833201 146.423
62 0.013015 95.2745
63 0.0129099 97.5996
64 0.012701 100.779
65 0.00760198 171.008
66 0.0123439 106.936
67 0.01214 110.379
68 0.0119791 113.531
