1 0.483151 0.0413949
2 0.246229 0.16245
3 0.163187 0.367676
4 0.123325 0.648693
5 0.0984659 1.01558
6 0.082262 1.45875
7 0.071142 1.9679
8 0.0621979 2.57243
9 0.055372 3.25074
10 0.0498941 4.00849
11 0.045284 4.85822
12 0.0418761 5.7312
13 0.038655 6.72616
14 0.03582 7.81686
15 0.033468 8.96378
16 0.0314429 10.1772
17 0.0296888 11.4521
18 0.028028 12.8443
19 0.026762 14.1992
20 0.0254071 15.7436
21 0.0240049 17.4964
22 0.022965 19.1596
23 0.0220039 20.9054
24 0.021147 22.6982
25 0.0202701 24.6669
26 0.0194781 26.6967
27 0.0188851 28.5939
28 0.0183589 30.5028
29 0.017529 33.088
30 0.016974 35.3482
31 0.0165141 37.5438
32 0.0159988 40.0029
33 0.0155251 42.5118
34 0.0151589 44.8582
35 0.0147562 47.4377
36 0.014209 50.672
37 0.0145681 50.796
38 0.014123 53.8131
39 0.013289 58.6953
40 0.01296 61.7286
41 0.012737 64.3792
42 0.0124879 67.2652
43 0.0120039 71.6434
44 0.0117369 74.9774
45 0.011538 78.0029
46 0.0112541 81.7482
47 0.0115199 81.5979
48 0.0113502 84.5803
49 0.0208738 46.9488
50 0.0104852 95.3728
51 0.0102839 99.1837
52 0.010051 103.472
53 0.0104702 101.24
54 0.00971007 111.225
55 0.00953794 115.329
56 0.00967503 115.762
57 0.00931191 122.424
58 0.00947785 122.391
59 0.0173519 68.0042
60 0.00881505 136.131
61 0.0167742 72.7308
62 0.0164809 75.2385
63 0.00943017 133.614
64 0.00868106 147.447
65 0.0156209 83.2216
66 0.015393 85.7532
67 0.0154588 86.6819
68 0.01524 89.2391
