1 0.168823 0.118467
2 0.432163 0.0925577
3 0.469689 0.127744
4 0.557341 0.143539
5 0.488015 0.204912
6 0.554425 0.21644
7 0.58183 0.24062
8 0.601281 0.266099
9 0.586378 0.306969
10 0.598708 0.334053
11 0.6773 0.324819
12 0.588471 0.407837
13 0.674013 0.385749
14 0.659143 0.424794
15 0.590208 0.508295
16 0.615852 0.519605
17 0.58113 0.585067
18 0.627546 0.573663
19 0.650301 0.584345
20 0.617118 0.648174
21 0.578174 0.726425
22 0.635287 0.6926
23 0.57595 0.798681
24 0.644411 0.744866
25 0.568996 0.878741
26 0.577233 0.900849
27 0.558952 0.966094
28 0.558432 1.00281
29 0.598407 0.96924
30 0.619482 0.968551
31 0.576228 1.07596
32 0.574326 1.11435
