1 1.50215 0.0133143
2 0.860919 0.046462
3 0.554637 0.108179
4 0.411794 0.194272
5 0.334577 0.298885
6 0.27321 0.439222
7 0.232777 0.601434
8 0.204239 0.783395
9 0.183822 0.979207
10 0.164064 1.21904
11 0.154137 1.4273
12 0.139204 1.72409
13 0.129083 2.01421
14 0.12 2.33333
15 0.114337 2.62382
16 0.107843 2.96727
17 0.157251 2.16215
18 0.152874 2.35488
19 0.145647 2.60905
20 0.139044 2.87679
21 0.133081 3.15597
22 0.128084 3.43525
23 0.126091 3.64816
24 0.120533 3.98231
25 0.116305 4.29904
26 0.113291 4.58996
27 0.109017 4.95335
28 0.105778 5.29411
29 0.100786 5.75477
30 0.10016 5.99041
31 0.0971022 6.38503
32 0.0950239 6.73515
