1 1.19234 0.0167737
2 0.651276 0.0614179
3 0.439503 0.136518
4 0.326906 0.244719
5 0.267206 0.374243
6 0.222371 0.539638
7 0.190332 0.735556
8 0.173248 0.923531
9 0.153903 1.16957
10 0.140877 1.41968
11 0.128689 1.70955
12 0.125065 1.919
13 0.108293 2.40089
14 0.103219 2.71268
15 0.0993791 3.01874
16 0.0910511 3.51451
17 0.149592 2.27285
18 0.144117 2.49797
19 0.136266 2.78866
20 0.130924 3.05521
21 0.126181 3.32855
22 0.120348 3.65606
23 0.128558 3.57815
24 0.113374 4.23378
25 0.108785 4.59623
26 0.106353 4.88938
27 0.115409 4.67902
28 0.099514 5.62735
29 0.096164 6.03136
30 0.0944431 6.35303
31 0.0918419 6.75073
32 0.088434 7.23704
