1 3.58471 0.0167378
2 2.24024 0.0535657
3 1.48042 0.121587
4 1.13018 0.212355
5 0.881846 0.340195
6 0.722568 0.498223
7 0.616568 0.68119
8 0.546748 0.877918
9 0.476606 1.13301
10 0.431903 1.3892
11 0.39517 1.67017
12 0.349843 2.05807
13 0.333546 2.33851
14 0.296211 2.83582
15 0.287374 3.13181
16 0.257888 3.72255
17 0.268389 3.80045
18 0.253397 4.26209
19 0.242339 4.70416
20 0.232843 5.15369
21 0.222414 5.66511
22 0.210963 6.25702
23 0.213118 6.47528
24 0.196249 7.33762
25 0.188269 7.96733
26 0.181337 8.60277
27 0.21838 7.41826
28 0.169284 9.92414
29 0.163945 10.6133
30 0.163481 11.0105
31 0.154089 12.0709
32 0.149194 12.8692
