1 0.360899 0.0554172
2 1.71327 0.0233471
3 1.58978 0.037741
4 1.58389 0.0505086
5 1.61024 0.0621026
6 1.57071 0.0763985
7 1.6417 0.0852776
8 1.55108 0.103154
9 1.58554 0.113526
10 1.56453 0.127834
11 1.60576 0.137007
12 1.64187 0.146175
13 1.56643 0.165982
14 1.59374 0.175687
15 1.59738 0.187808
16 1.58626 0.201732
17 1.59222 0.213538
18 1.57106 0.229145
19 1.56094 0.243443
20 1.58924 0.251693
21 1.61541 0.259996
22 1.60801 0.27363
23 1.60284 0.28699
24 1.64271 0.2922
25 1.57512 0.317435
26 1.59207 0.32662
27 1.60462 0.336529
28 1.59078 0.352029
29 1.60985 0.360282
30 1.59743 0.375604
31 1.63277 0.379722
32 1.584 0.40404
33 1.58637 0.416045
34 1.61332 0.42149
35 1.59823 0.437984
36 1.68001 0.428569
37 1.65618 0.44681
38 1.68626 0.450701
39 1.68483 0.462955
40 1.73445 0.461242
41 1.74274 0.470522
42 1.75377 0.478969
43 1.75097 0.491155
44 1.8081 0.4867
45 1.76211 0.510752
46 1.77473 0.51839
47 1.77073 0.530855
48 1.76266 0.544633
49 1.80132 0.544045
50 1.79236 0.557925
51 1.83414 0.55612
52 1.80893 0.574927
53 1.80913 0.585917
54 1.7889 0.603724
55 1.77066 0.621238
56 1.77837 0.629791
57 1.76618 0.645461
58 1.82977 0.633958
59 1.80064 0.655324
60 1.76202 0.681038
61 1.75963 0.693327
62 1.8175 0.682255
63 1.81048 0.695949
64 1.74964 0.731579
65 1.74671 0.744257
66 1.73239 0.761955
67 1.75163 0.765
68 1.73393 0.784347
