1 7.25023 0.00275853
2 3.78957 0.0105553
3 2.53889 0.0236323
4 1.97341 0.040539
5 1.5905 0.0628732
6 1.29864 0.0924044
7 1.13506 0.123342
8 0.993243 0.161088
9 0.878904 0.204801
10 0.789507 0.253323
11 0.720039 0.305539
12 0.663619 0.361653
13 0.6032 0.431035
14 0.562379 0.497885
15 0.526315 0.570001
16 0.49103 0.651691
17 0.462617 0.734949
18 0.439027 0.819995
19 0.413258 0.919523
20 0.391674 1.02126
21 0.372446 1.12768
22 0.355428 1.23794
23 0.338896 1.35735
24 0.326923 1.46824
25 0.313603 1.59437
26 0.298241 1.74356
27 0.28656 1.88442
28 0.27544 2.03311
29 0.263704 2.19944
30 0.255059 2.3524
31 0.246729 2.51288
32 0.239075 2.67698
33 0.230478 2.86361
34 0.223811 3.03828
35 0.219861 3.18383
36 0.215226 3.34532
37 0.2077 3.56283
38 0.206056 3.68832
39 0.197956 3.94027
40 0.194004 4.12363
41 0.189102 4.33629
42 0.18782 4.47237
43 0.181138 4.74776
44 0.177005 4.97161
45 0.171894 5.23579
46 0.170351 5.40061
47 0.167435 5.61412
48 0.163335 5.87749
49 0.159199 6.15582
50 0.198768 5.03099
51 0.15211 6.70568
52 0.152199 6.83316
53 0.148358 7.14489
54 0.145977 7.39842
55 0.142563 7.71589
56 0.141132 7.93584
57 0.138434 8.23498
58 0.173181 6.6982
59 0.133192 8.8594
60 0.166399 7.21158
61 0.128839 9.46918
62 0.162733 7.61984
63 0.126312 9.9753
64 0.156683 8.16936
65 0.153056 8.49363
66 0.152442 8.65903
67 0.119033 11.2574
68 0.116975 11.6264
