1 7.15887 0.00838121
2 3.76196 0.0318983
3 2.5526 0.0705163
4 1.93592 0.123972
5 1.56885 0.191222
6 1.30464 0.275938
7 1.12628 0.372908
8 0.995135 0.482347
9 0.879291 0.614131
10 0.788599 0.760843
11 0.715995 0.921794
12 0.656983 1.09592
13 0.609387 1.27997
14 0.56415 1.48897
15 0.52075 1.72828
16 0.489842 1.95982
17 0.460245 2.21621
18 0.439935 2.45491
19 0.410801 2.77507
20 0.388698 3.08723
21 0.371064 3.39564
22 0.351301 3.75746
23 0.338697 4.07444
24 0.321195 4.48326
25 0.308487 4.86244
26 0.296354 5.26397
27 0.285444 5.67537
28 0.273686 6.13842
29 0.264613 6.57564
30 0.255304 7.05042
31 0.246475 7.5464
32 0.238418 8.05308
33 0.230678 8.5834
34 0.223571 9.12462
35 0.221625 9.47546
36 0.219765 9.82868
37 0.208508 10.6471
38 0.203544 11.2015
39 0.19783 11.8283
40 0.193641 12.3941
41 0.190978 12.8811
42 0.185828 13.5609
43 0.179433 14.3786
44 0.179882 14.6763
45 0.171981 15.6994
46 0.169307 16.3017
47 0.165495 17.0398
48 0.175991 16.3645
49 0.160121 18.3611
50 0.171515 17.4912
51 0.153845 19.8901
52 0.15271 20.4309
53 0.150677 21.1048
54 0.145259 22.305
55 0.144949 22.7666
56 0.14032 23.9453
57 0.13881 24.638
58 0.148152 23.4894
59 0.147177 24.0527
60 0.133355 26.9956
61 0.129488 28.2652
62 0.129011 28.8348
63 0.127394 29.6717
64 0.137952 27.8358
65 0.123897 31.4777
66 0.130469 30.352
67 0.129892 30.9488
68 0.133656 30.5261
