1 6.83829 0.00877413
2 3.54997 0.0338031
3 2.44328 0.0736713
4 1.84936 0.129775
5 1.48597 0.201888
6 1.23981 0.290367
7 1.05703 0.39734
8 0.936119 0.512755
9 0.828982 0.651401
10 0.744936 0.805438
11 0.68139 0.968609
12 0.619893 1.16149
13 0.574001 1.35888
14 0.530138 1.58449
15 0.496402 1.81305
16 0.464811 2.06536
17 0.438037 2.32857
18 0.408099 2.64642
19 0.387001 2.94573
20 0.369178 3.25046
21 0.350877 3.591
22 0.33536 3.93607
23 0.320511 4.30563
24 0.305342 4.71602
25 0.293517 5.11044
26 0.281597 5.53983
27 0.272031 5.95521
28 0.260262 6.45503
29 0.250406 6.94872
30 0.241812 7.4438
31 0.23514 7.91018
32 0.227017 8.45752
33 0.219898 9.00418
34 0.212696 9.59115
35 0.213515 9.83537
36 0.207806 10.3943
37 0.200726 11.0599
38 0.193834 11.7627
39 0.190629 12.2752
40 0.182424 13.1562
41 0.181272 13.5708
42 0.176299 14.2939
43 0.175658 14.6876
44 0.169989 15.5304
45 0.165311 16.3329
46 0.163905 16.839
47 0.158278 17.8168
48 0.154766 18.6087
49 0.153445 19.16
50 0.149359 20.0858
51 0.145976 20.9623
52 0.143475 21.746
53 0.140386 22.6518
54 0.137668 23.5349
55 0.137571 23.9876
56 0.135236 24.8455
57 0.197982 17.2743
58 0.188168 18.4941
59 0.182469 19.4005
60 0.125086 28.7802
61 0.184279 19.8612
62 0.122668 30.3258
63 0.121237 31.1787
64 0.119205 32.2134
65 0.168466 23.1501
66 0.166705 23.7545
67 0.166708 24.114
68 0.164065 24.8682
