1 0.00674796 0.296386
2 0.00369 1.08401
3 0.00257516 2.32995
4 0.00176883 4.52277
5 0.00155807 6.41822
6 0.0013051 9.19467
7 0.00112891 12.4013
8 0.000986099 16.2255
9 0.000885963 20.3169
10 0.000794172 25.1835
11 0.000723124 30.4236
12 0.000663042 36.1968
13 0.000619888 41.943
14 0.000576973 48.5291
15 0.000602007 49.8333
16 0.00050807 62.9834
17 0.000478029 71.1254
18 0.000453949 79.3041
19 0.000433922 87.5734
20 0.00041604 96.1445
21 0.000389814 107.744
22 0.000381947 115.199
23 0.000369072 124.637
24 0.000349998 137.143
25 0.000343084 145.737
26 0.000329018 158.046
27 0.000315905 170.938
28 0.000307083 182.361
29 0.000355005 163.378
30 0.000293016 204.767
31 0.000285864 216.886
32 0.000277996 230.219
33 0.00027585 239.26
34 0.00026083 260.706
35 0.000257015 272.357
36 0.000258207 278.846
37 0.000247002 299.593
38 0.000241995 314.056
39 0.000241995 322.321
40 0.000237942 336.217
41 0.000235796 347.758
42 0.000234127 358.78
43 0.000238895 359.99
44 0.000234842 374.72
45 0.000241995 371.909
46 0.000221968 414.475
47 0.000242949 386.913
48 0.000242949 395.145
49 0.000236034 415.194
50 0.000223875 446.678
51 0.000221968 459.526
52 0.000222921 466.532
53 0.000219107 483.783
54 0.000226021 477.832
55 0.000226021 486.681
56 0.00022006 508.951
57 0.000234127 486.915
58 0.00022006 527.128
59 0.000217915 541.497
60 0.00022912 523.742
61 0.000224113 544.367
62 0.000221014 561.05
63 0.000228882 550.502
64 0.000230789 554.619
65 0.000231981 560.39
66 0.000224829 587.114
67 0.000221968 603.691
68 0.000226021 601.714
